prob_thresh_best: 0.49999999999999994
prob_thresh_last: 0.49199999999999994
